2,647
2,646
2,645
2,644
2,643
2,642
2,641
2,640
2,639
2,638
2,637
2,636
2,635
2,634
2,633
2,632
2,631
2,630
2,629
2,628
2,627
2,626
2,625
2,624
2,623
2,622
2,621
2,620
2,619
2,618
2,617
2,616
2,615
4294967279,299
2,614
2,613
2,612
2,611
2,610
2,609
2,608
2,607
2,606
2,605
2,604
2,603
2,602
2,601
2,600
2,599
2,598
2,597
2,596
2,595
2,594
2,593
2,592
2,591
2,590
2,589
2,588
2,587
2,586
2,585
2,584
2,583
2,582
2,581
2,580
2,579
2,578
2,577
2,576
2,575
2,574
2,573
2,572
2,571
2,570
2,569
2,568
2,567
2,566
2,565
2,564
2,563
2,562
2,561
2,560
2,559
2,558
2,557
2,556
2,555
2,554
2,553
2,552
2,551
2,550
2,549
2,548
2,547
2,546
2,545
2,544
2,543
2,542
4294967279,298
2,541
2,540
2,539
2,538
2,537
2,536
2,535
2,534
2,533
2,532
2,531
2,530
2,529
2,528
2,527
2,526
2,525
2,524
2,523
2,522
2,521
2,520
2,519
2,518
2,517
2,516
2,515
2,514
2,513
2,512
2,511
2,510
2,509
2,508
2,507
2,506
2,505
2,504
2,503
2,502
2,501
2,500
2,499
2,498
2,497
2,496
2,495
2,494
2,493
2,492
2,491
2,490
2,489
2,488
2,487
2,486
2,485
2,484
2,483
2,482
2,481
2,480
2,479
2,478
2,477
2,476
2,475
2,474
2,473
2,472
2,471
2,470
2,469
4294967279,297
2,468
2,467
2,466
2,465
2,464
2,463
2,462
2,461
2,460
2,459
2,458
2,457
2,456
2,455
2,454
2,453
2,452
2,451
2,450
2,449
2,448
2,447
2,446
2,445
2,444
2,443
2,442
2,441
2,440
2,439
2,438
2,437
2,436
2,435
2,434
2,433
2,432
2,431
2,430
2,429
2,428
2,427
2,426
2,425
2,424
2,423
2,422
2,421
2,420
2,419
2,418
2,417
2,416
2,415
2,414
2,413
2,412
2,411
2,410
2,409
2,408
2,407
2,406
2,405
2,404
2,403
2,402
2,401
2,400
2,399
2,398
2,397
2,396
4294967279,296
2,395
2,394
2,393
2,392
2,391
2,390
2,389
2,388
2,387
2,386
2,385
2,384
2,383
2,382
2,381
2,380
2,379
2,378
2,377
2,376
2,375
2,374
2,373
2,372
2,371
2,370
2,369
2,368
2,367
2,366
2,365
2,364
2,363
2,362
2,361
2,360
2,359
2,358
2,357
2,356
2,355
2,354
2,353
2,352
2,351
2,350
2,349
2,348
2,347
2,346
2,345
2,344
2,343
2,342
2,341
2,340
2,339
2,338
2,337
2,336
2,335
2,334
2,333
2,332
2,331
2,330
2,329
2,328
2,327
2,326
2,325
2,324
4294967279,295
2,323
2,322
2,321
2,320
2,319
2,318
2,317
2,316
2,315
2,314
2,313
2,312
2,311
2,310
2,309
2,308
2,307
2,306
2,305
2,304
2,303
2,302
2,301
2,300
2,299
2,298
2,297
2,296
2,295
2,294
2,293
2,292
2,291
2,290
2,289
2,288
2,287
2,286
2,285
2,284
2,283
2,282
2,281
2,280
2,279
2,278
2,277
2,276
2,275
2,274
2,273
2,272
2,271
2,270
2,269
2,268
2,267
2,266
2,265
2,264
2,263
2,262
2,261
2,260
2,259
2,258
2,257
2,256
2,255
2,254
2,253
2,252
2,251
4294967279,294
2,250
2,249
2,248
2,247
2,246
2,245
2,244
2,243
2,242
2,241
2,240
2,239
2,238
2,237
2,236
2,235
2,234
2,233
2,232
2,231
2,230
2,229
2,228
2,227
2,226
2,225
2,224
2,223
2,222
2,221
2,220
2,219
2,218
2,217
2,216
2,215
2,214
2,213
2,212
2,211
2,210
2,209
2,208
2,207
2,206
