4294967278,292
4294967278,291
4,117
4,116
4,115
4,114
4,113
4,112
4,111
4,110
4,109
4,108
4,107
4,106
4,105
4,104
4,103
4,102
4,101
4,100
4,99
4,98
4,97
4,96
4,95
4,94
4,93
4,92
4,91
4,90
4,89
4,88
4,87
4,86
4,85
4,84
4,83
4,82
4,81
4,80
4,79
4,78
4,77
4,76
4,75
4,74
4,73
4,72
4,71
4,70
4,69
4,68
4,67
4,66
4,65
4,64
4,36
4,35
4,34
4,33
4,32
4,31
4,30
4,29
4,28
4,27
4,26
4,25
4,24
4,23
4,22
4,21
4,20
4,19
4,18
4,17
4,16
4,15
4,14
4,13
4,12
4,11
4,10
4,9
4,8
4,7
4,6
4,5
4294967278,290
3,138
3,137
3,136
3,135
3,134
3,133
3,132
3,131
3,130
3,129
3,128
4294967279,296
3,127
3,126
3,125
3,124
3,123
3,122
3,121
3,120
3,119
3,118
3,117
3,116
3,115
3,114
3,113
3,112
3,111
3,110
3,109
4294967279,295
3,108
3,107
3,106
3,105
3,104
3,103
3,102
3,101
3,100
3,99
3,98
3,97
3,96
3,95
3,94
3,93
3,92
3,91
3,90
4294967279,294
3,89
3,88
3,87
3,86
3,85
3,84
3,83
3,82
3,81
3,80
3,79
3,78
3,77
3,76
3,75
3,74
3,73
3,72
3,71
4294967279,293
3,70
3,69
3,68
3,67
3,66
3,65
3,64
3,36
3,35
3,34
3,33
3,32
3,31
3,30
3,29
3,28
3,27
3,26
3,25
3,24
3,23
3,22
3,21
3,20
3,19
3,18
3,17
3,16
3,15
3,14
3,13
3,12
3,11
3,10
3,9
3,8
3,7
3,6
3,5
2,167
2,166
2,165
2,164
2,163
2,162
2,161
2,160
2,159
2,158
2,157
2,156
2,155
2,154
2,153
2,152
2,151
2,150
2,149
2,148
2,147
2,146
2,145
2,144
2,143
2,142
2,141
2,140
2,139
2,138
2,137
2,136
2,135
2,134
2,133
2,132
2,131
2,130
2,129
2,128
2,127
2,126
2,125
2,124
2,123
2,122
2,121
2,120
2,119
2,118
2,117
2,116
2,115
2,114
2,113
2,112
2,111
2,110
2,109
2,108
2,107
2,106
2,105
4294967279,292
2,104
2,103
2,102
2,101
2,100
2,99
2,98
2,97
2,96
2,95
2,94
2,93
2,92
2,91
2,90
2,89
2,88
2,87
2,86
2,85
2,84
2,83
2,82
2,81
2,80
2,79
2,78
2,77
2,76
2,75
2,74
2,73
2,72
2,71
2,70
2,69
2,68
2,67
2,66
2,65
2,64
2,36
2,35
2,34
2,33
2,32
2,31
2,30
2,29
2,28
2,27
2,26
2,25
2,24
2,23
2,22
2,21
2,20
2,19
2,18
2,17
2,16
2,15
2,14
2,13
2,12
2,11
2,10
2,9
2,8
2,7
2,6
2,5
4294967278,289
4294967279,291
4294967279,290
4,4
4,3
4,2
4,1
4294967278,288
4294967294,1359
4294967294,438
4294967294,430
4294967294,187
4294967294,1179
4294967279,283
3,4
3,3
3,2
3,1
4294967279,282
2,4
2,3
2,2
2,1
4294967278,287
4294967294,473
4294967294,1358
4294967294,1357
4294967278,286
4294967279,275
4294967278,285
4294967293,131
4294967293,130
4294967293,129
4294967293,128
4294967293,127
4294967293,126
4294967293,125
4294967293,124
4294967293,123
4294967293,122
