4294967278,292
4294967278,291
4,89
4,88
4,87
4,86
4,85
4,84
4,83
4,82
4,81
4,80
4,79
4,78
4,77
4,76
4,75
4,74
4,73
4,72
4,71
4,70
4,69
4,68
4,67
4,66
4,65
4,64
4,36
4,35
4,34
4,33
4,32
4,31
4,30
4,29
4,28
4,27
4,26
4,25
4,24
4,23
4,22
4,21
4,20
4,19
4,18
4,17
4,16
4,15
4,14
4,13
4,12
4,11
4,10
4,9
4,8
4,7
4,6
4,5
4294967278,290
3,102
3,101
3,100
3,99
3,98
3,97
3,96
3,95
3,94
3,93
3,92
3,91
3,90
3,89
3,88
3,87
3,86
3,85
3,84
3,83
3,82
3,81
3,80
3,79
3,78
3,77
3,76
3,75
3,74
3,73
3,72
3,71
3,70
3,69
3,68
3,67
3,66
3,65
3,64
3,36
3,35
3,34
3,33
3,32
3,31
3,30
3,29
3,28
3,27
3,26
3,25
3,24
3,23
3,22
3,21
3,20
3,19
3,18
3,17
3,16
3,15
3,14
3,13
3,12
3,11
3,10
3,9
3,8
3,7
3,6
3,5
2,300
2,299
2,298
2,297
2,296
2,295
2,294
2,293
2,292
2,291
2,290
2,289
2,288
2,287
2,286
2,285
2,284
2,283
2,282
2,281
2,280
2,279
2,278
2,277
2,276
2,275
2,274
2,273
2,272
2,271
2,270
2,269
2,268
2,267
2,266
2,265
2,264
2,263
2,262
2,261
2,260
2,259
2,258
2,257
2,256
2,255
2,254
2,253
2,252
2,251
4294967279,294
2,250
2,249
2,248
2,247
2,246
2,245
2,244
2,243
2,242
2,241
2,240
2,239
2,238
2,237
2,236
2,235
2,234
2,233
2,232
2,231
2,230
2,229
2,228
2,227
2,226
2,225
2,224
2,223
2,222
2,221
2,220
2,219
2,218
2,217
2,216
2,215
2,214
2,213
2,212
2,211
2,210
2,209
2,208
2,207
2,206
2,205
2,204
2,203
2,202
2,201
2,200
2,199
2,198
2,197
2,196
2,195
2,194
2,193
2,192
2,191
2,190
2,189
2,188
2,187
2,186
2,185
2,184
2,183
2,182
2,181
2,180
2,179
2,178
4294967279,293
2,177
2,176
2,175
2,174
2,173
2,172
2,171
2,170
2,169
2,168
2,167
2,166
2,165
2,164
2,163
2,162
2,161
2,160
2,159
2,158
2,157
2,156
2,155
2,154
2,153
2,152
2,151
2,150
2,149
2,148
2,147
2,146
2,145
2,144
2,143
2,142
2,141
2,140
2,139
2,138
2,137
2,136
2,135
2,134
2,133
2,132
2,131
2,130
2,129
2,128
2,127
2,126
2,125
2,124
2,123
2,122
2,121
2,120
2,119
2,118
2,117
2,116
2,115
2,114
2,113
2,112
2,111
2,110
2,109
2,108
2,107
2,106
2,105
4294967279,292
2,104
2,103
2,102
2,101
2,100
2,99
2,98
2,97
2,96
2,95
2,94
2,93
2,92
2,91
2,90
2,89
2,88
2,87
2,86
2,85
2,84
2,83
2,82
2,81
2,80
2,79
2,78
2,77
2,76
2,75
2,74
2,73
2,72
2,71
2,70
2,69
2,68
2,67
2,66
2,65
2,64
2,36
2,35
2,34
2,33
2,32
2,31
2,30
2,29
2,28
2,27
2,26
2,25
2,24
2,23
2,22
2,21
2,20
2,19
2,18
2,17
2,16
