4294967294,0
4294967278,132
4294967278,131
4294967278,130
4294967278,129
4294967278,128
4294967278,127
4294967278,126
4294967278,125
4294967278,124
4294967278,123
4294967278,122
4294967278,121
4294967278,120
4294967278,119
4294967278,118
4294967278,117
4294967293,131
4294967293,130
4294967293,129
4294967293,128
4294967293,127
4294967293,126
4294967293,125
4294967293,124
4294967293,123
4294967293,122
4294967293,121
4294967293,120
4294967293,119
4294967293,118
4294967293,117
4294967293,116
4294967293,115
4294967293,114
4294967293,113
4294967293,112
4294967293,111
4294967293,110
4294967293,109
4294967293,108
4294967293,107
4294967293,106
4294967293,105
4294967293,104
4294967293,103
4294967293,102
4294967293,101
4294967293,100
4294967293,99
4294967293,98
4294967293,97
4294967293,96
4294967293,95
4294967293,94
4294967293,93
4294967293,92
4294967293,91
4294967293,90
4294967293,89
4294967293,87
4294967293,86
4294967293,85
4294967293,84
4294967293,83
4294967293,82
4294967293,81
4294967293,80
4294967293,79
4294967293,78
4294967293,77
4294967293,76
4294967293,75
4294967293,74
4294967293,73
4294967293,72
4294967293,71
4294967293,70
4294967293,69
4294967293,68
4294967293,67
4294967293,66
4294967293,65
4294967293,64
4294967293,63
4294967293,62
4294967293,61
4294967293,60
4294967293,59
4294967293,58
4294967293,57
4294967293,56
4294967293,55
4294967293,54
4294967293,53
4294967293,52
4294967293,51
4294967293,50
4294967293,49
4294967293,48
4294967293,47
4294967293,46
4294967293,45
4294967293,44
4294967293,43
4294967293,42
4294967293,41
4294967293,40
4294967293,39
4294967293,38
4294967293,37
4294967293,36
4294967293,35
4294967293,34
4294967293,33
4294967293,32
4294967293,31
4294967293,30
4294967293,29
4294967293,28
4294967293,27
4294967293,26
4294967293,25
4294967293,24
4294967293,23
4294967293,22
4294967293,21
4294967293,20
4294967293,19
4294967293,18
4294967293,17
4294967293,16
4294967293,15
4294967293,14
4294967293,13
4294967293,12
4294967293,11
4294967293,10
4294967293,9
4294967293,8
4294967293,7
4294967293,6
4294967293,5
4294967293,4
4294967293,3
4294967278,116
4294967278,115
4294967278,114
4294967278,113
4294967278,112
4294967278,111
4294967278,110
4294967278,109
4294967278,108
4294967278,107
4294967278,106
4294967278,105
4294967278,104
4294967278,103
4294967278,102
4294967278,101
4294967278,100
4294967278,99
4294967278,98
4294967278,97
4294967278,96
4294967278,95
4294967278,94
4294967278,93
4294967278,92
4294967278,91
4294967278,90
4294967278,89
4294967278,87
4294967278,86
4294967278,85
4294967278,84
4294967278,83
4294967278,82
4294967278,81
4294967278,80
4294967278,79
4294967278,78
4294967278,77
4294967278,76
4294967278,75
4294967278,74
4294967278,73
4294967278,72
4294967278,71
4294967278,70
4294967278,69
4294967278,68
4294967278,67
4294967278,66
4294967278,65
4294967278,64
4294967278,63
4294967278,62
4294967278,61
4294967278,60
4294967278,59
4294967278,58
4294967278,57
4294967278,56
4294967278,55
4294967278,54
4294967278,53
4294967278,52
4294967278,51
4294967278,50
4294967278,49
4294967278,48
4294967278,47
4294967278,46
4294967278,45
4294967278,44
4294967278,43
4294967278,42
4294967278,41
4294967278,40
4294967278,39
4294967278,38
4294967278,37
4294967278,36
4294967278,35
4294967278,34
4294967278,32
4294967278,31
4294967278,30
4294967278,29
4294967278,28
4294967278,27
4294967278,26
4294967278,25
4294967278,24
4294967278,23
4294967278,22
4294967278,21
4294967278,20
4294967278,19
4294967278,18
4294967278,17
4294967278,16
4294967278,15
4294967278,14
4294967278,13
4294967278,12
4294967278,11
4294967278,10
4294967278,9
4294967278,8
4294967278,7
4294967278,6
4294967278,5
4294967278,4
4294967279,132
4294967279,131
4294967279,130
4294967279,129
4294967279,128
4294967279,127
4294967279,126
4294967279,125
4294967279,124
4294967279,123
4294967279,122
4294967279,121
4294967279,120
4294967279,119
4294967279,118
4294967279,117
4294967279,116
4294967279,115
4294967279,114
4294967279,113
4294967279,112
4294967279,111
4294967279,110
4294967279,109
4294967279,108
4294967279,107
4294967279,106
4294967279,105
4294967279,104
4294967279,103
4294967279,102
4294967279,101
4294967279,100
4294967279,99
4294967279,98
4294967279,97
4294967279,96
4294967279,95
4294967279,94
4294967279,93
4294967279,92
4294967279,91
4294967279,90
4294967279,89
4294967279,87
4294967279,86
4294967279,85
4294967279,84
4294967279,83
4294967279,82
4294967279,81
4294967279,80
4294967279,79
4294967279,78
4294967279,77
4294967279,76
4294967279,75
4294967279,74
4294967279,73
4294967279,72
4294967279,71
4294967279,70
4294967279,69
4294967279,68
4294967279,67
4294967279,66
4294967279,65
4294967279,64
4294967279,63
4294967279,62
4294967279,61
4294967279,60
4294967279,59
4294967279,58
4294967279,57
4294967279,56
4294967279,55
4294967279,54
4294967279,53
4294967279,52
4294967279,51
4294967279,50
4294967279,49
4294967279,48
4294967279,47
4294967279,46
4294967279,45
4294967279,44
4294967279,43
4294967279,42
4294967279,41
4294967279,40
4294967279,39
4294967279,38
4294967279,37
4294967279,36
4294967279,35
4294967279,33
4294967279,32
4294967279,31
4294967279,30
4294967279,29
4294967279,28
4294967279,27
4294967279,26
4294967279,25
4294967279,24
4294967279,23
4294967279,22
4294967279,21
4294967279,20
4294967279,19
4294967279,18
4294967279,17
4294967279,16
4294967279,15
4294967279,14
4294967279,13
4294967279,12
4294967279,11
4294967279,10
4294967279,9
4294967279,8
4294967279,7
4294967279,6
4294967279,5
4294967279,4
4294967279,260
4294967279,0
4294967279,34
4294967294,7
4294967278,277
4294967278,260
4294967278,0
4294967278,33
4294967294,6
4,2
4294967294,5
4,4
3,4
4,875
4,874
4,873
4,872
4,871
4,870
4,869
4,868
4,867
4,866
4,865
4,864
4,863
4,862
4,861
4,860
4,859
4,858
4,857
4,856
4,855
4,854
4,853
4,852
4,851
4,850
4,849
4,848
4,847
4,846
4,845
4,844
4,843
4,842
4,841
4,840
4,839
4,838
4,837
4,836
4,835
4,834
4,833
4,832
4,831
4,830
4,829
4,828
4,827
4,826
4,825
4,824
4,823
4,822
4,821
4,820
4,819
4,818
4,817
4,816
4,815
4,814
4,813
4,812
4,811
4,810
4,809
4,808
4,807
4,806
4,805
4,804
4,803
4,802
4,801
4,800
4,799
4,798
4,797
4,796
4,795
4,794
4,793
4,792
4,791
4,790
4,789
4,788
4,787
4,786
4,785
4,784
4,783
4,782
4,781
4,780
4,779
4,778
4,777
4,776
4,775
4,774
4,773
4,772
4,771
4,770
4,769
4,768
4,767
4,766
4,765
4,764
4,763
4,762
4,761
4,760
4,759
4,758
4,757
4,756
4,755
4,754
4,753
4,752
4,751
4,750
4,749
4,748
4,747
4,746
4,745
4,744
4,743
4,742
4,741
4,740
4,739
4,738
4,737
4,736
4,735
4,734
4,733
4,732
4,731
4,730
4,729
4,728
4,727
4,726
4,725
4,724
4,723
4,722
4,721
4,720
4,719
4,718
4,717
4,716
4,715
4,714
4,713
4,712
4,711
4,710
4,709
4,708
4,707
4,706
4,705
4,704
4,703
4,702
4,701
4,700
4,699
4,698
4,697
4,696
4,695
4,694
4,693
4,692
4,691
4,690
4,689
4,688
4,687
4,686
4,685
4,684
4,683
4,682
4,681
4,680
4,679
4,678
4,677
4,676
4,675
4,674
4,673
4,672
4,671
4,670
4,669
4,668
4,667
4,666
4,665
4,664
4,663
4,662
4,661
4,660
4,659
4,658
4,657
4,656
4,655
4,654
4,653
4,652
4,651
4,650
4,649
4,648
4,647
4,646
4,645
4,644
4,643
4,642
4,641
4,640
4,639
4,638
4,637
4,636
4,635
4,634
4,633
4,632
4,631
4,630
4,629
4,628
4,627
4,626
4,625
4,624
4,623
4,622
4,621
4,620
4,619
4,618
4,617
4,616
4,615
4,614
4,613
4,612
4,611
4,610
4,609
4,608
4,607
4,606
4,605
4,604
4,603
4294967279,351
4,602
4,601
4,600
4,599
4,598
4,597
4,596
4,595
4,594
4,593
4,592
4,591
4,590
4,589
4,588
4,587
4,586
4,585
4294967279,350
4,584
4,583
4,582
4,581
4,580
4,579
4,578
4,577
4,576
4,575
4,574
4,573
4,572
4,571
4,570
4,569
4,568
4,567
4294967279,349
4,566
4,565
4,564
4,563
4,562
4,561
4,560
4,559
4,558
4,557
4,556
4,555
4,554
4,553
4,552
4,551
4,550
4,549
4294967279,348
4,548
4,547
4,546
4,545
4,544
4,543
4,542
4,541
4,540
4,539
4,538
4,537
4,536
4,535
4,534
4,533
4,532
4294967279,347
4,531
4,530
4,529
4,528
4,527
4,526
4,525
4,524
4,523
4,522
4,521
4,520
4,519
4,518
4,517
4,516
4,515
4,514
4294967279,346
4,513
4,512
4,511
4,510
4,509
4,508
4,507
4,506
4,505
4,504
4,503
4,502
4,501
4,500
4,499
4,498
4,497
4,496
4294967279,345
4,495
4,494
4,493
4,492
4,491
4,490
4,489
4,488
4,487
4,486
4,485
4,484
4,483
4,482
4,481
4,480
4,479
4,478
4294967279,344
4,477
4,476
4,475
4,474
4,473
4,472
4,471
4,470
4,469
4,468
4,467
4,466
4,465
4,464
4,463
4,462
4,461
4,460
4294967279,343
4,459
4,458
4,457
4,456
4,455
4,454
4,453
4,452
4,451
4,450
4,449
4,448
4,447
4,446
4,445
4,444
4,443
4294967279,342
4,442
4,441
4,440
4,439
4,438
4,437
4,436
4,435
4,434
4,433
4,432
4,431
4,430
4,429
4,428
4,427
4,426
4,425
4294967279,341
4,424
4,423
4,422
4,421
4,420
4,419
4,418
4,417
4,416
4,415
4,414
4,413
4,412
4,411
4,410
4,409
4,408
4,407
4294967279,340
4,406
4,405
4,404
4,403
4,402
4,401
4,400
4,399
4,398
4,397
4,396
4,395
4,394
4,393
4,392
4,391
4,390
4,389
4294967279,339
4,388
4,387
4,386
4,385
4,384
4,383
4,382
4,381
4,380
4,379
4,378
4,377
4,376
4,375
4,374
4,373
4,372
4,371
4294967279,338
4,370
4,369
4,368
4,367
4,366
4,365
4,364
4,363
4,362
4,361
4,360
4,359
4,358
4,357
4,356
4,355
4,354
4294967279,337
4,353
4,352
4,351
4,350
4,349
4,348
4,347
4,346
4,345
4,344
4,343
4,342
4,341
4,340
4,339
4,338
4,337
4,336
4294967279,336
4,335
4,334
4,333
4,332
4,331
4,330
4,329
4,328
4,327
4,326
4,325
4,324
4,323
4,322
4,321
4,320
4,319
4,318
4294967279,335
4,317
4,316
4,315
4,314
4,313
4,312
4,311
4,310
4,309
4,308
4,307
4,306
4,305
4,304
4,303
4,302
4,301
4,300
4294967279,334
4,299
4,298
4,297
4,296
4,295
4,294
4,293
4,292
4,291
4,290
4,289
4,288
4,287
4,286
4,285
4,284
4,283
4,282
4,281
4294967279,333
4,280
4,279
4,278
4,277
4,276
4,275
4,274
4,273
4,272
4,271
4,270
4,269
4,268
4,267
4,266
4,265
4,264
4,263
4,262
4294967279,332
4,261
4,260
4,259
4,258
4,257
4,256
4,255
4,254
4,253
4,252
4,251
4,250
4,249
4,248
4,247
4,246
4,245
4,244
4,243
4294967279,331
4,242
4,241
4,240
4,239
4,238
4,237
4,236
4,235
4,234
4,233
4,232
4,231
4,230
4,229
4,228
4,227
4,226
4,225
4,224
4294967279,330
4,223
4,222
4,221
4,220
4,219
4,218
4,217
4,216
4,215
4,214
4,213
4,212
4,211
4,210
4,209
4,208
4,207
4,206
4,205
4294967279,329
4,204
4,203
4,202
4,201
4,200
4,199
4,198
4,197
4,196
4,195
4,194
4,193
4,192
4,191
4,190
4,189
4,188
4,187
4,186
4294967279,328
4,185
4,184
4,183
4,182
4,181
4,180
4,179
4,178
4,177
4,176
4,175
4,174
4,173
4,172
4,171
4,170
4,169
4,168
4,167
4,166
4294967279,327
4,165
4,164
4,163
4,162
4,161
4,160
4,159
4,158
4,157
4,156
4,155
4,154
4,153
4,152
4,151
4,150
4,149
4,148
4,147
4294967279,326
4,146
4,145
4,144
4,143
4,142
4,141
4,140
4,139
4,138
4,137
4,136
4,135
4,134
4,133
4,132
4,131
4,130
4,129
4,128
4,127
4,126
4,125
4,124
4,123
4,122
4,121
4,120
4,119
4,118
4,117
4,116
4,115
4,114
4,113
4,112
4,111
4,110
4,109
4,108
4,107
4,106
4,105
4,104
4,103
4,102
4,101
4,100
4,99
4,98
4,97
4,96
4,95
4,94
4,93
4,92
4,91
4,90
4,89
4,88
4,87
4,86
4,85
4,84
4,83
4,82
4,81
4,80
4,79
4,78
4,77
4,76
4,75
4,74
4,73
4,72
4,71
4,70
4,69
4,68
4,67
4,66
4,65
4,64
4,36
4,35
4,34
4,33
4,32
4,31
4,30
4,29
4,28
4,27
4,26
4,25
4,24
4,23
4,22
4,21
4,20
4,19
4,18
4,17
4,16
4,15
4,14
4,13
4,12
4,11
4,10
4,9
4,8
4,7
4,6
4,5
4294967278,294
3,1085
3,1084
3,1083
4294967279,474
3,1082
3,1081
3,38
3,37
3,1080
3,1079
3,1078
3,1077
3,1076
3,1075
3,1074
3,1073
3,1072
3,1071
3,1070
3,1069
3,1068
3,1067
3,1066
4294967279,473
3,1065
3,1064
3,1063
3,1062
3,1061
3,1060
3,1059
3,1058
3,1057
3,1056
3,1055
3,1054
3,1053
3,1052
3,1051
3,1050
4294967279,325
4294967278,293
3,1049
3,1048
4294967279,472
3,1047
3,1046
3,1045
3,1044
3,1043
3,1042
3,1041
3,1040
3,1039
3,1038
3,1037
3,1036
3,1035
3,1034
3,1033
3,1032
3,1031
3,1030
4294967279,471
3,1029
3,1028
3,1027
3,1026
3,1025
3,1024
3,1023
3,1022
3,1021
3,1020
3,1019
3,1018
3,1017
3,1016
3,1015
3,1014
3,1013
3,1012
4294967279,470
3,1011
3,1010
3,1009
3,1008
3,1007
3,1006
3,1005
3,1004
3,1003
3,1002
3,1001
3,1000
3,999
3,998
3,997
3,996
3,995
3,994
4294967279,469
3,993
3,992
3,991
3,990
3,989
3,988
3,987
3,986
3,985
3,984
3,983
3,982
3,981
3,980
3,979
3,978
3,977
4294967279,468
3,976
3,975
3,974
3,973
3,972
3,971
3,970
3,969
3,968
3,967
3,966
3,965
3,964
3,963
3,962
3,961
3,960
3,959
4294967279,467
3,958
3,957
3,956
3,955
3,954
3,953
3,952
3,951
3,950
3,949
3,948
3,947
3,946
3,945
3,944
3,943
3,942
3,941
4294967279,466
3,940
3,939
3,938
3,937
3,936
3,935
3,934
3,933
3,932
3,931
3,930
3,929
3,928
3,927
3,926
3,925
3,924
3,923
4294967279,465
3,922
3,921
3,920
3,919
3,918
3,917
3,916
3,915
3,914
3,913
3,912
3,911
3,910
3,909
3,908
3,907
3,906
3,905
4294967279,464
3,904
3,903
3,902
3,901
3,900
3,899
3,898
3,897
3,896
3,895
3,894
3,893
3,892
3,891
3,890
3,889
3,888
4294967279,463
3,887
3,886
3,885
3,884
3,883
3,882
3,881
3,880
3,879
3,878
3,877
3,876
3,875
3,874
3,873
3,872
3,871
3,870
4294967279,462
3,869
3,868
3,867
3,866
3,865
3,864
3,863
3,862
3,861
3,860
3,859
3,858
3,857
3,856
3,855
3,854
3,853
3,852
4294967279,461
3,851
3,850
3,849
3,848
3,847
3,846
3,845
3,844
3,843
3,842
3,841
3,840
3,839
3,838
3,837
3,836
3,835
3,834
4294967279,460
3,833
3,832
3,831
3,830
3,829
3,828
3,827
3,826
3,825
3,824
3,823
3,822
3,821
3,820
3,819
3,818
3,817
3,816
4294967279,459
3,815
3,814
3,813
3,812
3,811
3,810
3,809
3,808
3,807
3,806
3,805
3,804
3,803
3,802
3,801
3,800
3,799
4294967279,458
3,798
3,797
3,796
3,795
3,794
3,793
3,792
3,791
3,790
3,789
3,788
3,787
3,786
3,785
3,784
3,783
3,782
3,781
4294967279,457
3,780
3,779
3,778
3,777
3,776
3,775
3,774
3,773
3,772
3,771
3,770
3,769
3,768
3,767
3,766
3,765
3,764
3,763
4294967279,456
3,762
3,761
3,760
3,759
3,758
3,757
3,756
3,755
3,754
3,753
3,752
3,751
3,750
3,749
3,748
3,747
3,746
3,745
4294967279,455
3,744
3,743
3,742
3,741
3,740
3,739
3,738
3,737
3,736
3,735
3,734
3,733
3,732
3,731
3,730
3,729
3,728
3,727
4294967279,454
3,726
3,725
3,724
3,723
3,722
3,721
3,720
3,719
3,718
3,717
3,716
3,715
3,714
3,713
3,712
3,711
3,710
4294967279,453
3,709
3,708
3,707
3,706
3,705
3,704
3,703
3,702
3,701
3,700
3,699
3,698
3,697
3,696
3,695
3,694
3,693
3,692
4294967279,452
3,691
3,690
3,689
3,688
3,687
3,686
3,685
3,684
3,683
3,682
3,681
3,680
3,679
3,678
3,677
3,676
3,675
4294967279,324
4294967278,292
3,674
4294967279,451
3,673
3,672
3,671
3,670
3,669
3,668
3,667
3,666
3,665
3,664
3,663
3,662
3,661
3,660
3,659
3,658
3,657
3,656
4294967279,450
3,655
3,654
3,653
3,652
3,651
3,650
3,649
3,648
3,647
3,646
3,645
3,644
3,643
3,642
3,641
3,640
3,639
3,638
4294967279,449
3,637
3,636
3,635
3,634
3,633
3,632
3,631
3,630
3,629
3,628
3,627
3,626
3,625
3,624
3,623
3,622
3,621
4294967279,448
3,620
3,619
3,618
3,617
3,616
3,615
3,614
3,613
3,612
3,611
3,610
3,609
3,608
3,607
3,606
3,605
3,604
3,603
4294967279,323
3,602
3,601
3,600
3,599
3,598
3,597
3,596
3,595
3,594
3,593
