4294967294,0
4294967278,132
4294967278,131
4294967278,130
4294967278,129
4294967278,128
4294967278,127
4294967278,126
4294967278,125
4294967278,124
4294967278,123
4294967278,122
4294967278,121
4294967278,120
4294967278,119
4294967278,118
4294967278,117
4294967278,116
4294967278,115
4294967278,114
4294967278,113
4294967278,112
4294967278,111
4294967278,110
4294967278,109
4294967278,108
4294967278,107
4294967278,106
4294967278,105
4294967278,104
4294967278,103
4294967278,102
4294967278,101
4294967278,100
4294967278,99
4294967278,98
4294967278,97
4294967278,96
4294967278,95
4294967278,94
4294967278,93
4294967278,92
4294967278,91
4294967278,90
4294967278,89
4294967278,87
4294967278,86
4294967278,85
4294967278,84
4294967278,83
4294967278,82
4294967278,81
4294967278,80
4294967278,79
4294967278,78
4294967278,77
4294967278,76
4294967278,75
4294967278,74
4294967278,73
4294967278,72
4294967278,71
4294967278,70
4294967278,69
4294967278,68
4294967278,67
4294967278,66
4294967278,65
4294967278,64
4294967278,63
4294967278,62
4294967278,61
4294967278,60
4294967278,59
4294967278,58
4294967278,57
4294967278,56
4294967278,55
4294967278,54
4294967278,53
4294967278,52
4294967278,51
4294967278,50
4294967278,49
4294967278,48
4294967278,47
4294967278,46
4294967278,45
4294967278,44
4294967278,43
4294967278,42
4294967278,41
4294967278,40
4294967278,39
4294967278,38
4294967278,37
4294967278,36
4294967278,35
4294967278,34
4294967278,33
4294967278,32
4294967278,31
4294967278,30
4294967278,29
4294967278,28
4294967279,24
4294967279,23
4294967279,22
4294967279,21
4294967279,20
4294967279,19
4294967279,18
4294967279,17
4294967279,16
4294967279,15
4294967279,14
4294967279,13
4294967279,12
4294967279,11
4294967279,10
4294967279,9
4294967279,8
4294967279,7
4294967279,6
4294967279,5
4294967279,4
4243767290,0
4294967294,970
4294967294,673
4294967294,427
4294967294,119
4294967294,118
4294967294,116
4294967294,160
4294967294,168
4294967294,1
4294967294,127
4294967294,112
4294967294,425
4294967294,108
4294967294,452
4294967294,456
4294967294,457
4294967294,455
4294967294,454
4294967294,535
4294967294,110
4294967294,111
4294967294,109
4294967294,25
4294967294,113
4294967294,167
4294967294,26
4294967294,162
4294967294,95
4294967294,126
4294967294,18
4294967294,422
4294967294,161
4294967294,82
4294967294,83
4294967294,81
4294967294,61
4294967294,68
4294967294,12
4294967294,67
4294967294,11
4243767286,0
4243767289,0
4243767288,0
4243767287,0
4294967293,179
4294967293,178
4294967293,177
4294967293,176
4294967293,175
4294967293,174
4294967293,173
4294967293,172
4294967293,171
4294967293,170
4294967293,169
4294967293,168
4294967293,167
4294967293,166
4294967293,165
4294967293,164
4294967293,163
4294967293,162
4294967293,161
4294967293,160
4294967293,159
4294967293,158
4294967293,157
4294967293,156
4294967293,155
4294967293,154
4294967293,153
4294967293,152
4294967293,151
4294967293,150
4294967293,149
4294967293,148
4294967293,147
4294967293,146
4294967293,145
4294967293,144
4243767290,255
4243767290,254
4243767290,253
4243767290,252
4243767290,251
4243767290,250
4243767290,249
4243767290,248
4243767290,247
4243767290,246
4243767290,245
4243767290,244
4243767290,243
4243767290,242
4243767290,241
4243767290,240
4243767290,239
4243767290,238
4243767290,237
4243767290,236
4243767290,235
4243767290,234
4243767290,233
4243767290,232
4243767290,231
4243767290,230
4243767290,229
4243767290,228
4243767290,227
4243767290,226
4243767290,225
4243767290,224
4243767290,383
4243767290,382
4243767290,381
4243767290,380
4243767290,379
4243767290,378
4243767290,377
4243767290,376
4243767290,375
4243767290,374
4243767290,373
4243767290,372
4243767290,371
4243767290,370
4243767290,369
4243767290,368
4243767290,367
4243767290,366
4243767290,365
4243767290,364
4243767290,363
4243767290,362
4243767290,361
4243767290,360
4243767290,359
4243767290,358
4243767290,357
4243767290,356
4243767290,355
4243767290,354
4243767290,353
4243767290,352
4243767290,351
4243767290,350
4243767290,349
4243767290,348
4243767290,347
4243767290,346
4243767290,345
4243767290,344
4243767290,343
4243767290,342
4243767290,341
4243767290,340
4243767290,339
4243767290,338
4243767290,337
4243767290,336
4243767290,335
4243767290,334
4243767290,333
4243767290,332
4243767290,331
4243767290,330
4243767290,329
4243767290,328
4243767290,327
4243767290,326
4243767290,325
4243767290,324
4243767290,323
4243767290,322
4243767290,321
4243767290,320
4243767290,319
4243767290,318
4243767290,317
4243767290,316
4243767290,315
4243767290,314
4243767290,313
4243767290,312
4243767290,311
4243767290,310
4243767290,309
4243767290,308
4243767290,307
4243767290,306
4243767290,305
4243767290,304
4243767290,303
4243767290,302
4243767290,301
4243767290,300
4243767290,299
4243767290,298
4243767290,297
4243767290,296
4243767290,295
4243767290,294
4243767290,293
4243767290,292
4243767290,291
4243767290,290
4243767290,289
4243767290,288
4243767290,287
4243767290,286
4243767290,285
4243767290,284
4243767290,283
4243767290,282
4243767290,281
4243767290,280
4243767290,279
4243767290,278
4243767290,277
4243767290,276
4243767290,275
4243767290,274
4243767290,273
4243767290,272
4243767290,271
4243767290,270
4243767290,269
4243767290,268
4243767290,267
4243767290,266
4243767290,265
4243767290,264
4243767290,263
4243767290,262
4243767290,261
4243767290,260
4243767290,259
4243767290,258
4243767290,257
4243767290,256
4243767290,223
4243767290,222
4243767290,221
4243767290,220
4243767290,219
4243767290,218
4243767290,217
4243767290,216
4294967293,143
4243767290,215
4243767290,214
4243767290,213
4243767290,212
4243767290,211
4243767290,210
4243767290,209
4243767290,208
4243767290,207
4243767290,206
4243767290,205
4243767290,204
4243767290,203
4243767290,202
4243767290,201
4243767290,200
4294967293,142
4243767290,199
4243767290,198
4243767290,197
4243767290,196
4243767290,195
4243767290,194
4243767290,193
4243767290,192
4243767290,191
4243767290,190
4243767290,189
4243767290,188
4243767290,187
4243767290,186
4243767290,185
4243767290,184
4243767290,183
4294967293,141
4243767290,182
4243767290,181
4243767290,180
4243767290,179
4243767290,178
4243767290,177
4243767290,176
4243767290,175
4243767290,174
4243767290,173
4243767290,172
4243767290,171
4243767290,170
4243767290,169
4243767290,168
4243767290,167
4243767290,166
4294967293,140
4243767290,165
4243767290,164
4243767290,163
4243767290,162
4243767290,161
4243767290,160
4243767290,159
4243767290,158
4243767290,157
4243767290,156
4243767290,155
4243767290,154
4243767290,153
4243767290,152
4243767290,151
4243767290,150
4294967293,139
4243767290,149
4243767290,148
4243767290,147
4243767290,146
4243767290,145
4243767290,144
4243767290,143
4243767290,142
4243767290,141
4243767290,140
4243767290,139
4243767290,138
4243767290,137
4243767290,136
4243767290,135
4243767290,134
4243767290,133
4294967293,138
4243767290,132
4243767290,131
4243767290,130
4243767290,129
4243767290,128
4243767290,127
4243767290,126
4243767290,125
4243767290,124
4243767290,123
4243767290,122
4243767290,121
4243767290,120
4243767290,119
4243767290,118
4243767290,117
4243767290,116
4294967293,137
4243767290,115
4243767290,114
4243767290,113
4243767290,112
4243767290,111
4243767290,110
4243767290,109
